
sizeBB sizeChips    f    c   rr eqCall eqRR heroAdd heroContested villainAdd
------ ---------    -    -   -- ------ ---- ------- ------------- ----------
  0.00      0.00 0.00 0.00 0.00   0.00         0.00          0.00       0.00
  0.00      0.00 0.00 0.00 0.00   0.00         0.00          0.00       0.00
  0.00      0.00 0.00 0.00 0.00   0.00         0.00          0.00       0.00
  0.00      0.00 0.00 0.00 0.00   0.00         0.00          0.00       0.00
  0.00      0.00 0.00 0.00 0.00   0.00         0.00          0.00       0.00
  0.00      0.00 0.00 0.00 0.00   0.00         0.00          0.00       0.00
  0.00      0.00 0.00 0.00 0.00   0.00         0.00          0.00       0.00
  0.00      0.00 0.00 0.00 0.00   0.00         0.00          0.00       0.00
  0.00      0.00 0.00 0.00 0.00   0.00         0.00          0.00       0.00
  0.00      0.00 0.00 0.00 0.00   0.00         0.00          0.00       0.00
  0.00      0.00 0.00 0.00 0.00   0.00         0.00          0.00       0.00


